X matrix 
[[9.95000000e-01 5.00000000e-03 0.00000000e+00]
 [9.93927666e-01 5.80275833e-03 2.69576034e-04]
 [9.92684712e-01 6.73286879e-03 5.82419628e-04]
 [9.91244635e-01 7.80995235e-03 9.45413029e-04]
 [9.89577518e-01 9.05623825e-03 1.36624354e-03]
 [9.87648337e-01 1.04976192e-02 1.85404370e-03]
 [9.85416749e-01 1.21637718e-02 2.41947918e-03]
 [9.82837095e-01 1.40881560e-02 3.07474880e-03]
 [9.79858400e-01 1.63080157e-02 3.83358451e-03]
 [9.76425313e-01 1.88632348e-02 4.71145172e-03]
 [9.72474837e-01 2.17989055e-02 5.72625757e-03]
 [9.67929398e-01 2.51723195e-02 6.89828267e-03]
 [9.62704549e-01 2.90444170e-02 8.25103353e-03]
 [9.56709482e-01 3.34792126e-02 9.81130530e-03]
 [9.49847023e-01 3.85437957e-02 1.16091817e-02]
 [9.42013635e-01 4.43083300e-02 1.36780350e-02]
 [9.33099420e-01 5.08460542e-02 1.60545261e-02]
 [9.22988114e-01 5.82332813e-02 1.87786044e-02]
 [9.11583406e-01 6.65264446e-02 2.18901498e-02]
 [8.98778235e-01 7.57863419e-02 2.54354230e-02]
 [8.84398008e-01 8.61273044e-02 2.94746881e-02]
 [8.68303605e-01 9.76291777e-02 3.40672170e-02]
 [8.50394398e-01 1.10334733e-01 3.92708695e-02]
 [8.30608242e-01 1.24249665e-01 4.51420924e-02]
 [8.08921483e-01 1.39342596e-01 5.17359202e-02]
 [7.85348953e-01 1.55545072e-01 5.91059747e-02]
 [7.59943971e-01 1.72751564e-01 6.73044652e-02]
 [7.32798344e-01 1.90819467e-01 7.63821883e-02]
 [7.04024308e-01 2.09586306e-01 8.63893862e-02]
 [6.73685771e-01 2.28945107e-01 9.73691217e-02]
 [6.42119707e-01 2.48552929e-01 1.09327363e-01]
 [6.09700051e-01 2.68044600e-01 1.22255349e-01]
 [5.76778656e-01 2.87087421e-01 1.36133923e-01]
 [5.43685299e-01 3.05381167e-01 1.50933534e-01]
 [5.10727674e-01 3.22658090e-01 1.66614235e-01]
 [4.78191400e-01 3.38682914e-01 1.83125686e-01]
 [4.46340012e-01 3.53252838e-01 2.00407150e-01]
 [4.15414969e-01 3.66197535e-01 2.18387496e-01]
 [3.85635648e-01 3.77379153e-01 2.36985199e-01]
 [3.57199349e-01 3.86692314e-01 2.56108337e-01]
 [3.30281289e-01 3.94064115e-01 2.75654596e-01]
 [3.05034685e-01 3.99454069e-01 2.95511246e-01]
 [2.81621335e-01 4.02832076e-01 3.15546590e-01]
 [2.60011984e-01 4.04322571e-01 3.35665444e-01]
 [2.40076423e-01 4.04122099e-01 3.55801478e-01]
 [2.21692959e-01 4.02414968e-01 3.75892073e-01]
 [2.04748416e-01 3.99373257e-01 3.95878327e-01]
 [1.89138138e-01 3.95156809e-01 4.15705053e-01]
 [1.74765984e-01 3.89913237e-01 4.35320779e-01]
 [1.61544333e-01 3.83777920e-01 4.54677747e-01]
 [1.49394079e-01 3.76874005e-01 4.73731916e-01]
 [1.38244636e-01 3.69312407e-01 4.92442957e-01]
 [1.28033934e-01 3.61191806e-01 5.10774260e-01]
 [1.18708420e-01 3.52598652e-01 5.28692927e-01]
 [1.10223062e-01 3.43607162e-01 5.46169776e-01]
 [1.02541342e-01 3.34279319e-01 5.63179339e-01]
 [9.56352612e-02 3.24664874e-01 5.79699865e-01]
 [8.94853375e-02 3.14801346e-01 5.95713316e-01]
 [8.40652803e-02 3.04728804e-01 6.11205915e-01]
 [7.91813944e-02 2.94639724e-01 6.26178882e-01]
 [7.47373107e-02 2.84620232e-01 6.40642457e-01]
 [7.06863165e-02 2.74707097e-01 6.54606587e-01]
 [6.69857879e-02 2.64932930e-01 6.68081282e-01]
 [6.35971902e-02 2.55326186e-01 6.81076624e-01]
 [6.04860771e-02 2.45911166e-01 6.93602757e-01]
 [5.76220914e-02 2.36708016e-01 7.05669893e-01]
 [5.49789649e-02 2.27732723e-01 7.17288312e-01]
 [5.25345180e-02 2.18997122e-01 7.28468360e-01]
 [5.02706601e-02 2.10508891e-01 7.39220449e-01]
 [4.81733895e-02 2.02271552e-01 7.49555058e-01]
 [4.62327932e-02 1.94284472e-01 7.59482734e-01]
 [4.44430473e-02 1.86542863e-01 7.69014090e-01]
 [4.28024165e-02 1.79037780e-01 7.78159803e-01]
 [4.13126137e-02 1.71756679e-01 7.86930708e-01]
 [3.99432773e-02 1.64714368e-01 7.95342355e-01]
 [3.86704785e-02 1.57920356e-01 8.03409166e-01]
 [3.74875819e-02 1.51369413e-01 8.11143005e-01]
 [3.63882398e-02 1.45056241e-01 8.18555519e-01]
 [3.53663932e-02 1.38975475e-01 8.25658132e-01]
 [3.44162711e-02 1.33121680e-01 8.32462049e-01]
 [3.35323911e-02 1.27489352e-01 8.38978257e-01]
 [3.27095586e-02 1.22072919e-01 8.45217523e-01]
 [3.19428677e-02 1.16866741e-01 8.51190392e-01]
 [3.12277005e-02 1.11865109e-01 8.56907191e-01]
 [3.05597274e-02 1.07062245e-01 8.62378027e-01]
 [2.99349073e-02 1.02452304e-01 8.67612789e-01]
 [2.93494871e-02 9.80293707e-02 8.72621142e-01]
 [2.88000021e-02 9.37874621e-02 8.77412536e-01]
 [2.82832757e-02 8.97205267e-02 8.81996198e-01]
 [2.77964199e-02 8.58224441e-02 8.86381136e-01]
 [2.73368346e-02 8.20870256e-02 8.90576140e-01]
 [2.69022190e-02 7.85079662e-02 8.94589815e-01]
 [2.64912096e-02 7.50771771e-02 8.98431613e-01]
 [2.61029254e-02 7.17884974e-02 9.02108577e-01]
 [2.57363496e-02 6.86371266e-02 9.05626524e-01]
 [2.53904792e-02 6.56183382e-02 9.08991183e-01]
 [2.50643242e-02 6.27274799e-02 9.12208196e-01]
 [2.47569083e-02 5.99599737e-02 9.15283118e-01]
 [2.44672684e-02 5.73113156e-02 9.18221416e-01]
 [2.41944546e-02 5.47770759e-02 9.21028470e-01]
 [2.39375307e-02 5.23528990e-02 9.23709570e-01]
 [2.36955736e-02 5.00345036e-02 9.26269923e-01]
 [2.34676738e-02 4.78176825e-02 9.28714644e-01]
 [2.32529349e-02 4.56983026e-02 9.31048763e-01]
 [2.30504741e-02 4.36723051e-02 9.33277221e-01]
 [2.28594218e-02 4.17357053e-02 9.35404873e-01]
 [2.26789219e-02 3.98845928e-02 9.37436485e-01]
 [2.25081317e-02 3.81151313e-02 9.39376737e-01]
 [2.23462216e-02 3.64235586e-02 9.41230220e-01]
 [2.21923756e-02 3.48061868e-02 9.43001438e-01]
 [2.20457911e-02 3.32594020e-02 9.44694807e-01]
 [2.19056788e-02 3.17796648e-02 9.46314656e-01]
 [2.17712626e-02 3.03635097e-02 9.47865228e-01]
 [2.16423509e-02 2.90078516e-02 9.49349798e-01]
 [2.15196370e-02 2.77106493e-02 9.50769714e-01]
 [2.14029055e-02 2.64698383e-02 9.52127256e-01]
 [2.12919121e-02 2.52833748e-02 9.53424713e-01]
 [2.11864162e-02 2.41492469e-02 9.54664337e-01]
 [2.10861808e-02 2.30654745e-02 9.55848345e-01]
 [2.09909722e-02 2.20301091e-02 9.56978919e-01]
 [2.09005605e-02 2.10412342e-02 9.58058205e-01]
 [2.08147191e-02 2.00969651e-02 9.59088316e-01]
 [2.07332251e-02 1.91954488e-02 9.60071326e-01]
 [2.06558591e-02 1.83348641e-02 9.61009277e-01]
 [2.05824051e-02 1.75134217e-02 9.61904173e-01]
 [2.05126507e-02 1.67293639e-02 9.62757985e-01]
 [2.04463872e-02 1.59809650e-02 9.63572648e-01]
 [2.03834093e-02 1.52665309e-02 9.64350060e-01]
 [2.03235151e-02 1.45843995e-02 9.65092085e-01]
 [2.02665064e-02 1.39329403e-02 9.65800553e-01]
 [2.02121885e-02 1.33105548e-02 9.66477257e-01]
 [2.01603703e-02 1.27156761e-02 9.67123954e-01]
 [2.01108640e-02 1.21467692e-02 9.67742367e-01]
 [2.00634856e-02 1.16023308e-02 9.68334184e-01]
 [2.00180792e-02 1.10809793e-02 9.68900941e-01]
 [1.99747006e-02 1.05822037e-02 9.69443096e-01]
 [1.99333109e-02 1.01053186e-02 9.69961371e-01]
 [1.98938343e-02 9.64952687e-03 9.70456639e-01]
 [1.98561961e-02 9.21404360e-03 9.70929760e-01]
 [1.98203227e-02 8.79809593e-03 9.71381581e-01]
 [1.97861418e-02 8.40092313e-03 9.71812935e-01]
 [1.97535819e-02 8.02177660e-03 9.72224641e-01]
 [1.97225729e-02 7.65991984e-03 9.72617507e-01]
 [1.96930457e-02 7.31462847e-03 9.72992326e-01]
 [1.96649322e-02 6.98519023e-03 9.73349878e-01]
 [1.96381656e-02 6.67090498e-03 9.73690929e-01]
 [1.96126802e-02 6.37108469e-03 9.74016235e-01]
 [1.95884112e-02 6.08505343e-03 9.74326535e-01]
 [1.95652952e-02 5.81214742e-03 9.74622557e-01]
 [1.95432697e-02 5.55171498e-03 9.74905015e-01]
 [1.95222735e-02 5.30311653e-03 9.75174610e-01]
 [1.95022462e-02 5.06572462e-03 9.75432029e-01]
 [1.94831290e-02 4.83892393e-03 9.75677947e-01]
 [1.94648637e-02 4.62211123e-03 9.75913025e-01]
 [1.94473936e-02 4.41469542e-03 9.76137911e-01]
 [1.94306629e-02 4.21609752e-03 9.76353240e-01]
 [1.94146465e-02 4.02597026e-03 9.76559383e-01]
 [1.93993448e-02 3.84418904e-03 9.76756466e-01]
 [1.93847314e-02 3.67045264e-03 9.76944816e-01]
 [1.93707806e-02 3.50446365e-03 9.77124756e-01]
 [1.93574668e-02 3.34592918e-03 9.77296604e-01]
 [1.93447648e-02 3.19456086e-03 9.77460674e-01]
 [1.93326500e-02 3.05007486e-03 9.77617275e-01]
 [1.93210980e-02 2.91219188e-03 9.77766710e-01]
 [1.93100848e-02 2.78063713e-03 9.77909278e-01]
 [1.92995869e-02 2.65514036e-03 9.78045273e-01]
 [1.92895810e-02 2.53543585e-03 9.78174983e-01]
 [1.92800444e-02 2.42126238e-03 9.78298693e-01]
 [1.92709547e-02 2.31236328e-03 9.78416682e-01]
 [1.92622899e-02 2.20848642e-03 9.78529224e-01]
 [1.92540283e-02 2.10938417e-03 9.78636588e-01]
 [1.92461487e-02 2.01481343e-03 9.78739038e-01]
 [1.92386303e-02 1.92453564e-03 9.78836834e-01]
 [1.92314526e-02 1.83831676e-03 9.78930231e-01]
 [1.92245955e-02 1.75592728e-03 9.79019477e-01]
 [1.92180394e-02 1.67714222e-03 9.79104818e-01]
 [1.92117649e-02 1.60174110e-03 9.79186494e-01]
 [1.92057547e-02 1.52952240e-03 9.79264723e-01]
 [1.92000061e-02 1.46043372e-03 9.79339560e-01]
 [1.91945121e-02 1.39438788e-03 9.79411100e-01]
 [1.91892637e-02 1.33127517e-03 9.79479461e-01]
 [1.91842516e-02 1.27098745e-03 9.79544761e-01]
 [1.91794669e-02 1.21341804e-03 9.79607115e-01]
 [1.91749007e-02 1.15846184e-03 9.79666637e-01]
 [1.91705444e-02 1.10601523e-03 9.79723440e-01]
 [1.91663892e-02 1.05597613e-03 9.79777635e-01]
 [1.91624268e-02 1.00824397e-03 9.79829329e-01]
 [1.91586488e-02 9.62719726e-04 9.79878632e-01]
 [1.91550469e-02 9.19305866e-04 9.79925647e-01]
 [1.91516131e-02 8.77906394e-04 9.79970481e-01]
 [1.91483394e-02 8.38426831e-04 9.80013234e-01]
 [1.91452179e-02 8.00774223e-04 9.80054008e-01]
 [1.91422410e-02 7.64857134e-04 9.80092902e-01]
 [1.91394010e-02 7.30585651e-04 9.80130013e-01]
 [1.91366906e-02 6.97871381e-04 9.80165438e-01]
 [1.91341023e-02 6.66627453e-04 9.80199270e-01]
 [1.91316289e-02 6.36768517e-04 9.80231603e-01]
 [1.91292635e-02 6.08210746e-04 9.80262526e-01]
 [1.91269989e-02 5.80871831e-04 9.80292129e-01]
 [1.91248292e-02 5.54679753e-04 9.80320491e-01]
 [1.91227559e-02 5.29649615e-04 9.80347594e-01]]
b vectors 
[[-1.07233436e-03  8.02758326e-04  2.69576034e-04]
 [-1.24295406e-03  9.30110463e-04  3.12843593e-04]
 [-1.44007696e-03  1.07708356e-03  3.62993402e-04]
 [-1.66711641e-03  1.24628590e-03  4.20830510e-04]
 [-1.92918116e-03  1.44138100e-03  4.87800158e-04]
 [-2.23158802e-03  1.66615254e-03  5.65435482e-04]
 [-2.57965382e-03  1.92438420e-03  6.55269620e-04]
 [-2.97869538e-03  2.21985967e-03  7.58835709e-04]
 [-3.43308640e-03  2.55521919e-03  8.77867208e-04]
 [-3.95047653e-03  2.93567067e-03  1.01480586e-03]
 [-4.54543911e-03  3.37341402e-03  1.17202509e-03]
 [-5.22484833e-03  3.87209746e-03  1.35275087e-03]
 [-5.99506738e-03  4.43479561e-03  1.56027177e-03]
 [-6.86245944e-03  5.06458305e-03  1.79787639e-03]
 [-7.83338768e-03  5.76453438e-03  2.06885330e-03]
 [-8.91421528e-03  6.53772420e-03  2.37649108e-03]
 [-1.01113054e-02  7.38722709e-03  2.72407833e-03]
 [-1.14047086e-02  8.29316323e-03  3.11154541e-03]
 [-1.28051706e-02  9.25989739e-03  3.54527321e-03]
 [-1.43802275e-02  1.03409625e-02  4.03926503e-03]
 [-1.60944023e-02  1.15018733e-02  4.59252898e-03]
 [-1.79092074e-02  1.27055550e-02  5.20365247e-03]
 [-1.97861555e-02  1.39149326e-02  5.87122293e-03]
 [-2.16867589e-02  1.50929311e-02  6.59382779e-03]
 [-2.35725303e-02  1.62024758e-02  7.37005449e-03]
 [-2.54049820e-02  1.72064915e-02  8.19849045e-03]
 [-2.71456267e-02  1.80679036e-02  9.07772309e-03]
 [-2.87740368e-02  1.87668389e-02  1.00071979e-02]
 [-3.03385366e-02  1.93588010e-02  1.09797356e-02]
 [-3.15660638e-02  1.96078222e-02  1.19582416e-02]
 [-3.24196566e-02  1.94916706e-02  1.29279860e-02]
 [-3.29213947e-02  1.90428207e-02  1.38785740e-02]
 [-3.30933574e-02  1.82937467e-02  1.47996107e-02]
 [-3.29576241e-02  1.72769230e-02  1.56807012e-02]
 [-3.25362744e-02  1.60248239e-02  1.65114505e-02]
 [-3.18513876e-02  1.45699238e-02  1.72814638e-02]
 [-3.09250433e-02  1.29446971e-02  1.79803462e-02]
 [-2.97793208e-02  1.11816181e-02  1.85977028e-02]
 [-2.84362997e-02  9.31316106e-03  1.91231386e-02]
 [-2.69180593e-02  7.37180044e-03  1.95462588e-02]
 [-2.52466045e-02  5.38995475e-03  1.98566498e-02]
 [-2.34133500e-02  3.37800618e-03  2.00353439e-02]
 [-2.16093505e-02  1.49049569e-03  2.01188548e-02]
 [-1.99355611e-02 -2.00472353e-04  2.01360335e-02]
 [-1.83834644e-02 -1.70713054e-03  2.00905949e-02]
 [-1.69445426e-02 -3.04171148e-03  1.99862541e-02]
 [-1.56102782e-02 -4.21644777e-03  1.98267260e-02]
 [-1.43721537e-02 -5.24357202e-03  1.96157257e-02]
 [-1.32216514e-02 -6.13531684e-03  1.93569683e-02]
 [-1.21502538e-02 -6.90391481e-03  1.90541686e-02]
 [-1.11494433e-02 -7.56159855e-03  1.87110418e-02]
 [-1.02107022e-02 -8.12060066e-03  1.83313029e-02]
 [-9.32551304e-03 -8.59315375e-03  1.79186668e-02]
 [-8.48535818e-03 -8.99149040e-03  1.74768486e-02]
 [-7.68172006e-03 -9.32784324e-03  1.70095633e-02]
 [-6.90608108e-03 -9.61444486e-03  1.65205259e-02]
 [-6.14992365e-03 -9.86352787e-03  1.60134515e-02]
 [-5.42005720e-03 -1.00725419e-02  1.54925991e-02]
 [-4.88388592e-03 -1.00890807e-02  1.49729666e-02]
 [-4.44408373e-03 -1.00194914e-02  1.44635752e-02]
 [-4.05099423e-03 -9.91313514e-03  1.39641294e-02]
 [-3.70052853e-03 -9.77416735e-03  1.34746959e-02]
 [-3.38859777e-03 -9.60674362e-03  1.29953414e-02]
 [-3.11111310e-03 -9.41501955e-03  1.25261326e-02]
 [-2.86398564e-03 -9.20315069e-03  1.20671363e-02]
 [-2.64312653e-03 -8.97529262e-03  1.16184191e-02]
 [-2.44444690e-03 -8.73560092e-03  1.11800478e-02]
 [-2.26385789e-03 -8.48823116e-03  1.07520891e-02]
 [-2.09727064e-03 -8.23733891e-03  1.03346095e-02]
 [-1.94059627e-03 -7.98707975e-03  9.92767602e-03]
 [-1.78974593e-03 -7.74160924e-03  9.53135516e-03]
 [-1.64063074e-03 -7.50508296e-03  9.14571370e-03]
 [-1.48980282e-03 -7.28110144e-03  8.77090426e-03]
 [-1.36933644e-03 -7.04231075e-03  8.41164719e-03]
 [-1.27279872e-03 -6.79401228e-03  8.06681100e-03]
 [-1.18289669e-03 -6.55094297e-03  7.73383966e-03]
 [-1.09934207e-03 -6.31317138e-03  7.41251345e-03]
 [-1.02184661e-03 -6.08076603e-03  7.10261264e-03]
 [-9.50122037e-04 -5.85379548e-03  6.80391752e-03]
 [-8.83880077e-04 -5.63232826e-03  6.51620834e-03]
 [-8.22832464e-04 -5.41643292e-03  6.23926539e-03]
 [-7.66690931e-04 -5.20617799e-03  5.97286893e-03]
 [-7.15167208e-04 -5.00163203e-03  5.71679923e-03]
 [-6.67973026e-04 -4.80286355e-03  5.47083658e-03]
 [-6.24820118e-04 -4.60994112e-03  5.23476124e-03]
 [-5.85420215e-04 -4.42293327e-03  5.00835349e-03]
 [-5.49485049e-04 -4.24190854e-03  4.79139359e-03]
 [-5.16726350e-04 -4.06693547e-03  4.58366182e-03]
 [-4.86855851e-04 -3.89808261e-03  4.38493846e-03]
 [-4.59585282e-04 -3.73541849e-03  4.19500378e-03]
 [-4.34615533e-04 -3.57905932e-03  4.01367485e-03]
 [-4.11009388e-04 -3.43078915e-03  3.84179854e-03]
 [-3.88284291e-04 -3.28867967e-03  3.67696396e-03]
 [-3.66575761e-04 -3.15137082e-03  3.51794658e-03]
 [-3.45870432e-04 -3.01878841e-03  3.36465884e-03]
 [-3.26154935e-04 -2.89085828e-03  3.21701321e-03]
 [-3.07415903e-04 -2.76750623e-03  3.07492214e-03]
 [-2.89639968e-04 -2.64865810e-03  2.93829807e-03]
 [-2.72813763e-04 -2.53423971e-03  2.80705347e-03]
 [-2.56923920e-04 -2.42417686e-03  2.68110079e-03]
 [-2.41957071e-04 -2.31839540e-03  2.56035247e-03]
 [-2.27899849e-04 -2.21682114e-03  2.44472099e-03]
 [-2.14738885e-04 -2.11937989e-03  2.33411878e-03]
 [-2.02460813e-04 -2.02599749e-03  2.22845830e-03]
 [-1.91052264e-04 -1.93659975e-03  2.12765201e-03]
 [-1.80499871e-04 -1.85111249e-03  2.03161236e-03]
 [-1.70790265e-04 -1.76946154e-03  1.94025180e-03]
 [-1.61910080e-04 -1.69157271e-03  1.85348279e-03]
 [-1.53845948e-04 -1.61737184e-03  1.77121779e-03]
 [-1.46584501e-04 -1.54678473e-03  1.69336923e-03]
 [-1.40112371e-04 -1.47973722e-03  1.61984959e-03]
 [-1.34416190e-04 -1.41615511e-03  1.55057130e-03]
 [-1.28911705e-04 -1.35565811e-03  1.48456982e-03]
 [-1.22713849e-04 -1.29720227e-03  1.41991612e-03]
 [-1.16731543e-04 -1.24081101e-03  1.35754255e-03]
 [-1.10993394e-04 -1.18646348e-03  1.29745688e-03]
 [-1.05495870e-04 -1.13412790e-03  1.23962377e-03]
 [-1.00235437e-04 -1.08377246e-03  1.18400790e-03]
 [-9.52085659e-05 -1.03536538e-03  1.13057395e-03]
 [-9.04117232e-05 -9.88874855e-04  1.07928658e-03]
 [-8.58413775e-05 -9.44269094e-04  1.03011047e-03]
 [-8.14939970e-05 -9.01516301e-04  9.83010298e-04]
 [-7.73660498e-05 -8.60584683e-04  9.37950733e-04]
 [-7.34540041e-05 -8.21442446e-04  8.94896450e-04]
 [-6.97543281e-05 -7.84057795e-04  8.53812123e-04]
 [-6.62634898e-05 -7.48398935e-04  8.14662425e-04]
 [-6.29779576e-05 -7.14434073e-04  7.77412030e-04]
 [-5.98941995e-05 -6.82131413e-04  7.42025613e-04]
 [-5.70086837e-05 -6.51459162e-04  7.08467846e-04]
 [-5.43178784e-05 -6.22385525e-04  6.76703403e-04]
 [-5.18182518e-05 -5.94878707e-04  6.46696959e-04]
 [-4.95062719e-05 -5.68906914e-04  6.18413186e-04]
 [-4.73784070e-05 -5.44438352e-04  5.91816759e-04]
 [-4.54063443e-05 -5.21351551e-04  5.66757895e-04]
 [-4.33786139e-05 -4.98775584e-04  5.42154198e-04]
 [-4.13897266e-05 -4.76885112e-04  5.18274838e-04]
 [-3.94766293e-05 -4.55791712e-04  4.95268342e-04]
 [-3.76382078e-05 -4.35483271e-04  4.73121478e-04]
 [-3.58733477e-05 -4.15947671e-04  4.51821018e-04]
 [-3.41809349e-05 -3.97172796e-04  4.31353731e-04]
 [-3.25598549e-05 -3.79146532e-04  4.11706387e-04]
 [-3.10089935e-05 -3.61856761e-04  3.92865754e-04]
 [-2.95272366e-05 -3.45291368e-04  3.74818604e-04]
 [-2.81134697e-05 -3.29438236e-04  3.57551706e-04]
 [-2.67665786e-05 -3.14285251e-04  3.41051829e-04]
 [-2.54854491e-05 -2.99820295e-04  3.25305744e-04]
 [-2.42689669e-05 -2.86031253e-04  3.10300220e-04]
 [-2.31160177e-05 -2.72906009e-04  2.96022027e-04]
 [-2.20254872e-05 -2.60432447e-04  2.82457934e-04]
 [-2.09962611e-05 -2.48598451e-04  2.69594712e-04]
 [-2.00272253e-05 -2.37391905e-04  2.57419130e-04]
 [-1.91172653e-05 -2.26800693e-04  2.45917958e-04]
 [-1.82652670e-05 -2.16812698e-04  2.35077965e-04]
 [-1.74701160e-05 -2.07415806e-04  2.24885922e-04]
 [-1.67306982e-05 -1.98597900e-04  2.15328598e-04]
 [-1.60163637e-05 -1.90127265e-04  2.06143629e-04]
 [-1.53017525e-05 -1.81781221e-04  1.97082973e-04]
 [-1.46133343e-05 -1.73736398e-04  1.88349733e-04]
 [-1.39508207e-05 -1.65988991e-04  1.79939812e-04]
 [-1.33138226e-05 -1.58534473e-04  1.71848296e-04]
 [-1.27019508e-05 -1.51368316e-04  1.64070267e-04]
 [-1.21148164e-05 -1.44485995e-04  1.56600811e-04]
 [-1.15520301e-05 -1.37882981e-04  1.49435011e-04]
 [-1.10132029e-05 -1.31554748e-04  1.42567951e-04]
 [-1.04979457e-05 -1.25496770e-04  1.35994716e-04]
 [-1.00058693e-05 -1.19704519e-04  1.29710388e-04]
 [-9.53658465e-06 -1.14173469e-04  1.23710054e-04]
 [-9.08970266e-06 -1.08899093e-04  1.17988795e-04]
 [-8.66483421e-06 -1.03876863e-04  1.12541697e-04]
 [-8.26159019e-06 -9.91022537e-05  1.07363844e-04]
 [-7.87958150e-06 -9.45707375e-05  1.02450319e-04]
 [-7.51841902e-06 -9.02777878e-05  9.77962068e-05]
 [-7.17771366e-06 -8.62188775e-05  9.33965912e-05]
 [-6.85707630e-06 -8.23894800e-05  8.92465563e-05]
 [-6.55611785e-06 -7.87850683e-05  8.53411861e-05]
 [-6.27444918e-06 -7.54011156e-05  8.16755647e-05]
 [-6.01021679e-06 -7.22187036e-05  7.82289203e-05]
 [-5.74864413e-06 -6.90886763e-05  7.48373205e-05]
 [-5.49393062e-06 -6.60458442e-05  7.15397748e-05]
 [-5.24845219e-06 -6.31127022e-05  6.83611544e-05]
 [-5.01208209e-06 -6.02877291e-05  6.52998112e-05]
 [-4.78469357e-06 -5.75694037e-05  6.23540973e-05]
 [-4.56615991e-06 -5.49562046e-05  5.95223645e-05]
 [-4.35635434e-06 -5.24466107e-05  5.68029650e-05]
 [-4.15515013e-06 -5.00391005e-05  5.41942506e-05]
 [-3.96242053e-06 -4.77321529e-05  5.16945734e-05]
 [-3.77803880e-06 -4.55242465e-05  4.93022853e-05]
 [-3.60187819e-06 -4.34138602e-05  4.70157384e-05]
 [-3.43381197e-06 -4.13994725e-05  4.48332845e-05]
 [-3.27371337e-06 -3.94795623e-05  4.27532756e-05]
 [-3.12145567e-06 -3.76526082e-05  4.07740639e-05]
 [-2.97691212e-06 -3.59170890e-05  3.88940011e-05]
 [-2.83995596e-06 -3.42714834e-05  3.71114394e-05]
 [-2.71046047e-06 -3.27142701e-05  3.54247306e-05]
 [-2.58829889e-06 -3.12439279e-05  3.38322268e-05]
 [-2.47334447e-06 -2.98589355e-05  3.23322799e-05]
 [-2.36547049e-06 -2.85577715e-05  3.09232420e-05]
 [-2.26455018e-06 -2.73389148e-05  2.96034649e-05]
 [-2.16969009e-06 -2.61920776e-05  2.83617677e-05]
 [-2.07328068e-06 -2.50301387e-05  2.71034194e-05]
 [-2.07328068e-06 -2.50301387e-05  2.71034194e-05]]
